--------Covariance matrix for class 0: -------
[[ 0.231,  0.172,  0.151,  0.135,  0.003,  0.148,  0.122,  0.172,  0.137],
 [ 0.172,  0.284,  0.178,  0.158,  0.002,  0.174,  0.14 ,  0.187,  0.142],
 [ 0.151,  0.178,  0.243,  0.162, -0.005,  0.154,  0.144,  0.172,  0.122],
 [ 0.135,  0.158,  0.162,  0.229, -0.006,  0.136,  0.106,  0.144,  0.125],
 [ 0.003,  0.002, -0.005, -0.006,  0.099, -0.002,  0.002,  0.005, -0.001],
 [ 0.148,  0.174,  0.154,  0.136, -0.002,  0.231,  0.135,  0.179,  0.132],
 [ 0.122,  0.14 ,  0.144,  0.106,  0.002,  0.135,  0.196,  0.138,  0.1  ],
 [ 0.172,  0.187,  0.172,  0.144,  0.005,  0.179,  0.138,  0.26 ,  0.147],
 [ 0.137,  0.142,  0.122,  0.125, -0.001,  0.132,  0.1  ,  0.147,  0.201]]
--------Covariance matrix for class 1: -------
[[ 0.102,  0.005,  0.017, -0.005, -0.011,  0.01 ,  0.002, -0.005, -0.011],
 [ 0.005,  0.22 , -0.03 ,  0.011,  0.154, -0.005,  0.013,  0.16 ,  0.013],
 [ 0.017, -0.03 ,  0.104, -0.002, -0.07 , -0.011,  0.007, -0.037, -0.007],
 [-0.005,  0.011, -0.002,  0.085,  0.032,  0.014,  0.007,  0.018,  0.003],
 [-0.011,  0.154, -0.07 ,  0.032,  0.294,  0.02 ,  0.005,  0.191,  0.018],
 [ 0.01 , -0.005, -0.011,  0.014,  0.02 ,  0.098,  0.002,  0.007, -0.005],
 [ 0.002,  0.013,  0.007,  0.007,  0.005,  0.002,  0.08 ,  0.037,  0.003],
 [-0.005,  0.16 , -0.037,  0.018,  0.191,  0.007,  0.037,  0.268,  0.016],
 [-0.011,  0.013, -0.007,  0.003,  0.018, -0.005,  0.003,  0.016,  0.081]]
--------Covariance matrix for class 4: -------
[[ 0.295, -0.007,  0.195,  0.189,  0.218,  0.235, -0.008,  0.005,  0.203],
 [-0.007,  0.093, -0.005,  0.012, -0.012, -0.029, -0.034,  0.002, -0.004],
 [ 0.195, -0.005,  0.301,  0.223,  0.224,  0.25 , -0.016,  0.002,  0.209],
 [ 0.189,  0.012,  0.223,  0.304,  0.217,  0.246, -0.027,  0.008,  0.21 ],
 [ 0.218, -0.012,  0.224,  0.217,  0.339,  0.267, -0.02 , -0.003,  0.23 ],
 [ 0.235, -0.029,  0.25 ,  0.246,  0.267,  0.369, -0.022, -0.02 ,  0.246],
 [-0.008, -0.034, -0.016, -0.027, -0.02 , -0.022,  0.104,  0.002, -0.033],
 [ 0.005,  0.002,  0.002,  0.008, -0.003, -0.02 ,  0.002,  0.092, -0.003],
 [ 0.203, -0.004,  0.209,  0.21 ,  0.23 ,  0.246, -0.033, -0.003,  0.323]]
--------Covariance matrix for class 7: -------
[[ 0.248,  0.17 ,  0.14 , -0.025,  0.008,  0.147,  0.016, -0.02 ,  0.149],
 [ 0.17 ,  0.308,  0.185, -0.034,  0.019,  0.165,  0.031, -0.02 ,  0.182],
 [ 0.14 ,  0.185,  0.244, -0.017,  0.024,  0.134,  0.009, -0.014,  0.169],
 [-0.025, -0.034, -0.017,  0.089,  0.005, -0.02 , -0.004, -0.003, -0.012],
 [ 0.008,  0.019,  0.024,  0.005,  0.093,  0.014, -0.007,  0.   ,  0.003],
 [ 0.147,  0.165,  0.134, -0.02 ,  0.014,  0.222,  0.007,  0.004,  0.149],
 [ 0.016,  0.031,  0.009, -0.004, -0.007,  0.007,  0.08 ,  0.002,  0.02 ],
 [-0.02 , -0.02 , -0.014, -0.003,  0.   ,  0.004,  0.002,  0.107,  0.004],
 [ 0.149,  0.182,  0.169, -0.012,  0.003,  0.149,  0.02 ,  0.004,  0.272]]